12

Sun
1
0 0 0
0 0 0 


Earth
0.000003003
-9.654856075285153E-01  2.295317733387754E-01 -5.305062862902414E-06
-1.5574129592		-6.1392586461		0.0004487497


Moon
3.69396868E-8
-9.636494163933270E-01  2.278925861176878E-01  1.200825150977965E-04
 -1.4167390176		-5.9641667018		-0.0175228036

Halley
1.1061E-16
-2.047748432980033E+01  2.560116483001927E+01 -9.851385678190770E+00
 0.0049154248		0.3047741102		-0.0495664972


Mercury
1.652E-7
 2.071152997053788E-01 -3.835596672065068E-01 -5.034213110737459E-02
 6.9875720101		5.3927836109		-0.2004113809

Mars
3.213E-7
-1.473076965753840E+00 -6.533743520436560E-01  2.246124389230508E-02
 2.2630766604		-4.2354657792		-0.1442991133


Venus
0.000002447
2.489405396931187E-01 -6.835524115888226E-01 -2.373744778768848E-02
6.8920348413		2.5030355453		-0.3633953724


Jupiter
0.0009543
-5.307189589997011E+00  1.131332671489373E+00  1.140568653237447E-01
-0.6080064818		-2.5676129612		0.0242823277


Saturn
0.0002857
-3.390320542785130E+00 -9.423124456408178E+00  2.987537924024670E-01
 1.8058848595		-0.6982778117		-0.0596460373


Uranus
0.00004365
 1.877970175741140E+01  6.785546306973366E+00 -2.179730276505344E-01
 -0.4987359089		1.2815480785		0.0112501324


Neptune
0.00005149
2.802328676907816E+01 -1.058307923597076E+01 -4.278490194716808E-01
0.3974484066		1.0770391038		-0.0314032648


Pluto
6.58086572E-9
8.735607255119410E+00 -3.186720913881693E+01  8.820021154702117E-01
1.1282475809		0.0611236909		-0.3376110509


